-791 -646 -549 -562 15 -500 -1453 -2266 -2717 -2195 -1526 -891 -182 129 114 -867 -1704 -1192 -1541 -1216 -655 -1418 -2136 -1855 -960 -249 258 -450 549 387 157 -629 -807 22 -739 -337 -1202 -1823 -1666 -976 -439 516 -253 -497 -128 -792 -461 191 -241 548 598 1483 645 -310 292 1013 774 509 50 466 -152 807 1547 903










129 - 1
-1666 - 1
258 - 1
387 - 1
-1541 - 1
516 - 1
-646 - 1
645 - 1
774 - 1
903 - 1
-1418 - 1
1547 - 1
-655 - 1
15 - 1
-2195 - 1
-791 - 1
22 - 1
-792 - 1
-152 - 1
-2717 - 1
157 - 1
-1823 - 1
-549 - 1
548 - 1
292 - 1
549 - 1
-807 - 1
-1704 - 1
-1192 - 1
807 - 1
-1453 - 1
-562 - 1
-1202 - 1
50 - 1
-182 - 1
-310 - 1
-439 - 1
-1855 - 1
-1216 - 1
-960 - 1
191 - 1
-450 - 1
1483 - 1
-461 - 1
-976 - 1
-337 - 1
466 - 1
598 - 1
-2136 - 1
-2266 - 1
-867 - 1
-739 - 1
-497 - 1
-241 - 1
114 - 1
-500 - 1
-629 - 1
-1526 - 1
1013 - 1
-249 - 1
-891 - 1
-253 - 1
509 - 1
-128 - 1